1|448|5.04765|4.58229,1.55208;|1111 1114 1124 1111 1134 1111 1144 1122 1112 1113 1123 1111 1133 1111
1|641|5.44959|4.94187,1.80133;|1111 1114 1124 1111 1134 1111 1144 1122 1112 1122 1112 1112 1122 1111
1|872|5.62612|3.11225,2.14263;|1111 1113 1123 1111 1133 1122 1112 1112 1122 1122 1112 1112 1122 1111
2|3|2.8048|4.52738,0.986744;|1111 1112 1122 1314 1324 1111 1334 1111 1344 1112 1122 1111 2311 1111 3311 1111
2|37|7.7635|7.12026,0.915745;|1111 1116 1126 1111 1136 1111 1146 1111 1156 1111 1166 1311 2311 1111 3311 1111
2|205|5.7892|4.53843,1.38812;|1111 1112 1122 1312 1322 1112 1122 1113 1123 1111 1133 1111 2311 1111 3311 1111
2|207|5.7383|4.53839,1.37303;|1111 1112 1122 1312 1322 1112 1122 1123 1133 1111 1113 1111 2311 1111 3311 1111
2|209|5.58341|4.5326,1.78637;4.5326,1.78637;4.55073,1.79155;|1111 1112 1122 1312 1322 1112 1122 1122 1112 1112 1122 1111 2311 1111 3311 1111
2|210|5.42543|4.53817,1.28027;|1111 1112 1122 1312 1322 1113 1123 1112 1122 1111 1133 1111 2311 1111 3311 1111
2|227|2.80497|4.56755,0.975949;|1111 1112 1122 1313 1323 1112 1122 1111 1333 1112 1122 1111 2311 1111 3311 1111
2|228|6.31481|4.53199,1.54476;|1111 1112 1122 1312 1322 1113 1123 1111 1133 1112 1122 1111 2311 1111 3311 1111
2|275|1.9034|5.56755,0.975949;|1111 1122 1112 1313 1323 1112 1122 1111 1333 1112 1122 1111 2311 1111 3311 1111
2|305|1.94167|5.47985,1.10226;|1111 1122 1112 1333 2311 1111 3311 1111 1313 1111 1323 1113 1123 1111 1133 1111
2|320|4.34748|5.46399,1.55059;|1111 1122 1112 1322 2311 1111 3311 1111 1312 1122 1112 1113 1123 1111 1133 1111
2|459|5.7892|4.46399,1.38788;|1111 1112 1122 1322 2311 1111 3311 1111 1312 1122 1112 1133 1113 1111 1123 1111
2|646|5.51828|3.11225,2.10338;|1111 1113 1123 1111 1133 1122 1112 1311 2311 1112 1122 1112 1122 1111 3311 1111
2|684|1.90328|5.52738,0.986744;|1111 1122 1112 1314 1324 1111 1334 1111 1344 1112 1122 1111 2311 1111 3311 1111
2|997|5.56955|3.11225,2.12204;|1111 1113 1123 1111 1133 1122 1112 1122 1112 1112 1122 1311 2311 1111 3311 1111
2|1056|2.64875|4.4688,0.971442;|1111 1112 1122 1333 2311 1111 3311 1111 1313 1111 1323 1123 1133 1111 1113 1111
2|1076|5.43747|2.99497,1.98006;|1111 1113 1123 1111 1133 1133 1113 1311 2311 1112 1122 1111 3311 1111 1123 1111
2|1210|6.33693|4.46399,1.55059;|1111 1112 1122 1322 2311 1111 3311 1111 1312 1122 1112 1113 1123 1111 1133 1111
2|1278|7.28694|4.71124,1.37861;|1111 1112 1122 1144 1114 1112 1122 1311 2311 1111 3311 1111 1124 1111 1134 1111
2|1878|3.4069|4.4206,1.34559;|1111 1112 1122 1333 2311 1111 3311 1111 1313 1122 1112 1112 1122 1111 1323 1111
2|2141|2.04086|5.56755,1.1007;|1111 1122 1112 1313 1323 1111 1333 1113 1123 1111 1133 1111 2311 1111 3311 1111
2|2154|3.5105|5.71124,1.37861;|1111 1122 1112 1144 1114 1112 1122 1311 2311 1111 3311 1111 1124 1111 1134 1111
2|2173|5.71408|3.11225,2.17464;|1111 1113 1123 1111 1133 1122 1112 1311 2311 1111 3311 1122 1112 1112 1122 1111
2|2243|2.86023|4.47985,1.10226;|1111 1112 1122 1333 2311 1111 3311 1111 1313 1111 1323 1113 1123 1111 1133 1111
2|2379|5.88696|4.46399,1.41713;|1111 1112 1122 1322 2311 1111 3311 1111 1312 1144 1114 1111 1124 1111 1134 1111
2|2399|4.74026|4.94187,1.99393;|1111 1114 1124 1111 1134 1111 1144 1122 1112 1311 2311 1112 1122 1111 3311 1111
2|2675|3.22558|4.56776,1.23761;|1111 1112 1122 1313 1323 1111 1333 1112 1122 1112 1122 1111 2311 1111 3311 1111
2|2676|6.22614|4.53876,1.51635;|1111 1112 1122 1312 1322 1112 1122 1112 1122 1112 1122 1111 2311 1111 3311 1111
2|2763|5.43081|4.94187,1.79427;|1111 1114 1124 1111 1134 1111 1144 1122 1112 1312 1322 1111 2311 1111 3311 1111
2|2867|2.80502|4.56789,0.976517;|1111 1112 1122 1313 1323 1122 1112 1111 1333 1112 1122 1111 2311 1111 3311 1111
2|2945|2.86023|4.51608,1.10656;|1111 1112 1122 1313 1323 1133 1113 1111 1123 1111 1333 1111 2311 1111 3311 1111
2|2951|2.64875|4.53457,0.968419;|1111 1112 1122 1313 1323 1123 1133 1111 1113 1111 1333 1111 2311 1111 3311 1111
2|2956|5.6318|3.11225,2.1447;|1111 1113 1123 1111 1133 1122 1112 1112 1122 1112 1122 1311 2311 1111 3311 1111
2|2960|6.33693|4.53201,1.55123;|1111 1112 1122 1312 1322 1112 1122 1133 1113 1111 1123 1111 2311 1111 3311 1111
2|2961|5.88696|4.5385,1.417;|1111 1112 1122 1312 1322 1114 1124 1111 1134 1111 1144 1111 2311 1111 3311 1111
2|3094|5.10359|4.45822,1.59635;4.46399,1.59336;|1111 1112 1122 1322 2311 1111 3311 1111 1312 1122 1112 1122 1112 1112 1122 1111
2|3095|5.7383|4.46399,1.37261;|1111 1112 1122 1322 2311 1111 3311 1111 1312 1122 1112 1123 1133 1111 1113 1111
2|3099|3.96868|5.53843,1.38812;|1111 1122 1112 1312 1322 1112 1122 1113 1123 1111 1133 1111 2311 1111 3311 1111
2|3180|5.43285|2.99497,1.97848;|1111 1113 1123 1111 1133 1122 1112 1122 1112 1311 2311 1111 3311 1112 1122 1111
2|3206|5.3675|4.458,1.70277;4.458,1.70277;4.46399,1.70104;|1111 1112 1122 1322 2311 1111 3311 1111 1312 1122 1112 1112 1122 1112 1122 1111
2|3207|5.84236|4.46399,1.40384;|1111 1112 1122 1322 2311 1111 3311 1111 1312 1133 1113 1111 1123 1112 1122 1111
2|3329|3.00346|4.56755,1.1007;|1111 1112 1122 1313 1323 1111 1333 1113 1123 1111 1133 1111 2311 1111 3311 1111
2|3580|5.43081|4.94187,1.79427;|1111 1114 1124 1111 1134 1111 1144 1122 1112 1322 2311 1111 3311 1111 1312 1111
2|3645|5.39051|4.94187,1.7791;|1111 1114 1124 1111 1134 1111 1144 1122 1112 1311 2312 1111 2322 1111 3311 1111
2|3915|5.51828|3.11225,2.10338;|1111 1113 1123 1111 1133 1122 1112 1311 2311 1111 3311 1112 1122 1112 1122 1111
2|3918|5.00431|5.26583,1.3696;|1111 1122 1112 1114 1124 1111 1134 1111 1144 1122 1112 1311 2311 1111 3311 1111
2|4149|5.71408|3.11225,2.17464;|1111 1113 1123 1111 1133 1122 1112 1311 2311 1122 1112 1112 1122 1111 3311 1111
2|4722|5.68837|3.11225,2.16528;|1111 1113 1123 1111 1133 1122 1112 1113 1123 1111 1133 1311 2311 1111 3311 1111
2|4747|5.62161|3.11225,2.14099;|1111 1113 1123 1111 1133 1133 1113 1112 1122 1311 2311 1111 3311 1111 1123 1111
2|4781|3.00346|4.43546,1.10127;|1111 1112 1122 1333 2311 1111 3311 1111 1313 1133 1113 1111 1123 1111 1323 1111
2|4794|5.12683|4.26583,1.3696;|1111 1112 1122 1114 1124 1111 1134 1111 1144 1122 1112 1311 2311 1111 3311 1111
2|4981|5.94255|4.46399,1.43362;|1111 1112 1122 1322 2311 1111 3311 1111 1312 1133 1113 1112 1122 1111 1123 1111
2|4984|5.39051|4.94187,1.7791;|1111 1114 1124 1111 1134 1111 1144 1122 1112 1311 2311 1111 3312 1111 3322 1111
2|5019|4.03629|5.5385,1.417;|1111 1122 1112 1312 1322 1114 1124 1111 1134 1111 1144 1111 2311 1111 3311 1111
2|5056|4.74026|4.94187,1.99393;|1111 1114 1124 1111 1134 1111 1144 1122 1112 1311 2311 1111 3311 1112 1122 1111
2|5150|6.96782|5.45631,1.33257;|1111 1115 1125 1111 1135 1111 1145 1111 1155 1122 1112 1311 2311 1111 3311 1111
2|5182|5.43747|2.99497,1.98006;|1111 1113 1123 1111 1133 1133 1113 1311 2311 1111 3311 1112 1122 1111 1123 1111
2|5205|5.44994|6.68701,1.04665;|1111 1115 1125 1111 1135 1112 1122 1111 1145 1111 1155 1311 2311 1111 3311 1111
2|5221|5.43285|2.99497,1.97848;|1111 1113 1123 1111 1133 1122 1112 1122 1112 1311 2311 1112 1122 1111 3311 1111
2|5265|4.89359|4.94187,2.0691;|1111 1114 1124 1111 1134 1111 1144 1122 1112 1112 1122 1311 2311 1111 3311 1111
3|949|5.39051|4.94187,1.7791;|1111 1114 1124 1111 1134 1111 1144 1122 1112 1411 2411 1111 3411 1111 4411 1111
7|6|3.06388|4.5421,1.20672;|1111 1112 1122 1313 1323 1311 2311 1111 3311 1111 1333 1112 1122 1111 2311 1111 3311 1111
7|191|5.58881|4.5326,1.78854;4.5326,1.78854;4.55073,1.79375;|1111 1112 1122 1312 1322 1112 1122 1112 1122 1311 2311 1111 3311 1111 2311 1111 3311 1111
7|192|5.22505|4.53224,1.64254;4.53224,1.64254;|1111 1112 1122 1312 1322 1112 1122 1312 1322 1111 2311 1111 3311 1111 2311 1111 3311 1111
7|193|3.83008|5.5326,1.78854;5.5326,1.78854;5.55073,1.79375;|1111 1122 1112 1312 1322 1112 1122 1112 1122 1311 2311 1111 3311 1111 2311 1111 3311 1111
7|210|3.60921|4.30019,2.44343;|1111 1311 2311 1111 3312 1111 3322 1122 1112 1112 1122 1312 1322 1111 2311 1111 3311 1111
7|252|5.22505|4.45812,1.64545;4.46399,1.64304;|1111 1112 1122 1322 2311 1111 3311 1111 1312 1122 1112 1322 2311 1111 3311 1111 1312 1111
7|274|4.21386|5.43496,2.02343;5.45726,2.01417;|1111 1122 1112 1322 2311 1111 3311 1111 1312 1122 1112 1112 1122 1311 2311 1111 3311 1111
7|276|3.55011|5.45816,1.62889;5.46399,1.62628;|1111 1122 1112 1322 2311 1111 3311 1111 1312 1122 1112 1311 2312 1111 2322 1111 3311 1111
7|281|3.86729|5.45776,1.8131;5.45776,1.8131;|1111 1122 1112 1322 2311 1111 3311 1111 1312 1133 1113 1311 2311 1111 3311 1111 1123 1111
7|282|3.55011|5.45816,1.62889;5.46399,1.62628;|1111 1122 1112 1322 2311 1111 3311 1111 1312 1122 1112 1311 2311 1111 3312 1111 3322 1111
7|412|2.52033|5.42274,1.51683;|1111 1122 1112 1333 2311 1111 3311 1111 1313 1122 1112 1311 2311 1111 3311 1111 1323 1111
7|604|3.57845|5.45812,1.64545;5.46399,1.64304;|1111 1122 1112 1322 2311 1111 3311 1111 1312 1122 1112 1312 1322 1111 2311 1111 3311 1111
7|809|3.69599|4.42274,1.51683;|1111 1112 1122 1333 2311 1111 3311 1111 1313 1122 1112 1311 2311 1111 3311 1111 1323 1111
7|1165|5.6426|4.45776,1.8131;4.45776,1.8131;|1111 1112 1122 1322 2311 1111 3311 1111 1312 1133 1113 1311 2311 1111 3311 1111 1123 1111
7|1480|2.0827|5.5421,1.20672;|1111 1122 1112 1313 1323 1311 2311 1111 3311 1111 1333 1112 1122 1111 2311 1111 3311 1111
7|1886|3.55011|5.53219,1.62599;5.53219,1.62599;|1111 1122 1112 1312 1322 1112 1122 1311 2312 1111 2322 1111 3311 1111 2311 1111 3311 1111
7|1892|3.55011|5.53219,1.62599;5.53219,1.62599;|1111 1122 1112 1312 1322 1112 1122 1311 2311 1111 3312 1111 3322 1111 2311 1111 3311 1111
7|1913|3.60921|4.30019,2.44343;|1111 1311 2311 1111 3312 1111 3322 1122 1112 1112 1122 1322 2311 1111 3311 1111 1312 1111
7|2110|5.51874|3.11225,2.10355;|1111 1113 1123 1111 1133 1122 1112 1312 1322 1111 2311 1311 2311 1111 3311 1111 3311 1111
7|2211|7.84117|7.51873,1.37232;|1111 1114 1124 1111 1134 1111 1144 1112 1122 1311 2311 1111 3311 1311 2311 1111 3311 1111
7|2305|3.57845|5.53224,1.64254;5.53224,1.64254;|1111 1122 1112 1312 1322 1112 1122 1322 2311 1111 3311 1111 1312 1111 2311 1111 3311 1111
7|2534|5.51795|3.11225,2.10326;|1111 1113 1123 1111 1133 1122 1112 1312 1322 1111 2311 1111 3311 1311 2311 1111 3311 1111
7|3071|5.49453|3.11225,2.09474;|1111 1113 1123 1111 1133 1122 1112 1311 2311 1111 3311 1311 2312 1111 2322 1111 3311 1111
7|3278|6.14371|4.43496,2.02343;4.45726,2.01417;|1111 1112 1122 1322 2311 1111 3311 1111 1312 1122 1112 1112 1122 1311 2311 1111 3311 1111
7|3279|6.27866|4.46399,1.5333;|1111 1112 1122 1322 2311 1111 3311 1111 1312 1133 1113 1111 1123 1311 2311 1111 3311 1111
7|3373|7.84117|7.51873,1.37232;|1111 1114 1124 1111 1134 1111 1144 1112 1122 1311 2311 1311 2311 1111 3311 1111 3311 1111
7|3737|5.53461|6.4465,1.66019;|1111 1122 1112 1114 1124 1111 1134 1111 1144 1311 2311 1311 2311 1111 3311 1111 3311 1111
7|4014|5.21139|4.70044,2.18621;|1111 1114 1124 1111 1134 1111 1144 1122 1112 1311 2311 1311 2311 1111 3311 1111 3311 1111
7|4185|5.49453|3.11225,2.09474;|1111 1113 1123 1111 1133 1122 1112 1311 2311 1111 3311 1311 2311 1111 3312 1111 3322 1111
7|4204|5.21139|4.70044,2.18621;|1111 1114 1124 1111 1134 1111 1144 1122 1112 1311 2311 1111 3311 1311 2311 1111 3311 1111
7|4265|9.38191|7.17731,1.20441;|1111 1115 1125 1111 1135 1111 1145 1111 1155 1311 2311 1311 2311 1111 3311 1111 3311 1111
7|4400|5.46984|6.68701,1.04665;|1111 1115 1125 1311 2311 1111 3311 1111 1135 1111 1145 1111 1155 1311 2311 1111 3311 1111
7|4407|9.38191|7.17731,1.20441;|1111 1115 1125 1111 1135 1111 1145 1111 1155 1311 2311 1111 3311 1311 2311 1111 3311 1111
7|4559|3.83008|5.45781,1.79153;5.45781,1.79153;5.46399,1.79084;|1111 1122 1112 1322 2311 1111 3311 1111 1312 1122 1112 1122 1112 1311 2311 1111 3311 1111
7|4560|3.57845|5.45812,1.64545;5.46399,1.64304;|1111 1122 1112 1322 2311 1111 3311 1111 1312 1122 1112 1322 2311 1111 3311 1111 1312 1111
7|4561|5.58881|4.45781,1.79153;4.45781,1.79153;4.46399,1.79084;|1111 1112 1122 1322 2311 1111 3311 1111 1312 1122 1112 1122 1112 1311 2311 1111 3311 1111
7|4620|3.57845|5.53224,1.64254;5.53224,1.64254;|1111 1122 1112 1312 1322 1112 1122 1312 1322 1111 2311 1111 3311 1111 2311 1111 3311 1111
7|4642|6.14371|4.53314,2.01111;4.5675,2.02294;|1111 1112 1122 1312 1322 1112 1122 1122 1112 1311 2311 1111 3311 1111 2311 1111 3311 1111
7|4643|6.27866|4.53197,1.53416;|1111 1112 1122 1312 1322 1113 1123 1311 2311 1111 3311 1111 1133 1111 2311 1111 3311 1111
7|4644|5.18408|4.53219,1.62599;4.53219,1.62599;|1111 1112 1122 1312 1322 1112 1122 1311 2311 1111 3312 1111 3322 1111 2311 1111 3311 1111
7|4649|5.6426|4.53265,1.81011;4.55073,1.81561;|1111 1112 1122 1312 1322 1113 1123 1111 1133 1311 2311 1111 3311 1111 2311 1111 3311 1111
7|4650|5.18408|4.53219,1.62599;4.53219,1.62599;|1111 1112 1122 1312 1322 1112 1122 1311 2312 1111 2322 1111 3311 1111 2311 1111 3311 1111
7|4651|5.99598|4.533,1.95184;4.5675,1.9628;|1111 1112 1122 1312 1322 1112 1122 1311 2311 1112 1122 1111 3311 1111 2311 1111 3311 1111
7|4656|5.99598|4.533,1.95184;4.5675,1.9628;|1111 1112 1122 1312 1322 1112 1122 1311 2311 1111 3311 1112 1122 1111 2311 1111 3311 1111
7|4730|5.49453|3.11225,2.09474;|1111 1113 1123 1111 1133 1122 1112 1311 2311 1311 2312 1111 2322 1111 3311 1111 3311 1111
7|4767|5.65755|5.4465,1.66019;|1111 1112 1122 1114 1124 1111 1134 1111 1144 1311 2311 1111 3311 1311 2311 1111 3311 1111
7|4780|3.69599|4.57783,1.51686;|1111 1112 1122 1313 1323 1111 1333 1112 1122 1311 2311 1111 3311 1111 2311 1111 3311 1111
7|4856|5.65755|5.4465,1.66019;|1111 1112 1122 1114 1124 1111 1134 1111 1144 1311 2311 1311 2311 1111 3311 1111 3311 1111
7|4972|5.22505|4.53224,1.64254;4.53224,1.64254;|1111 1112 1122 1312 1322 1112 1122 1322 2311 1111 3311 1111 1312 1111 2311 1111 3311 1111
7|5177|2.52033|5.57783,1.51686;|1111 1122 1112 1313 1323 1111 1333 1112 1122 1311 2311 1111 3311 1111 2311 1111 3311 1111
7|5215|5.49453|3.11225,2.09474;|1111 1113 1123 1111 1133 1122 1112 1311 2311 1311 2311 1111 3312 1111 3322 1111 3311 1111
7|5223|5.53674|3.11225,2.1101;|1111 1113 1123 1111 1133 1122 1112 1311 2311 1322 2311 1111 3311 1111 1312 1111 3311 1111
7|5240|5.49453|3.11225,2.09474;|1111 1113 1123 1111 1133 1122 1112 1311 2311 1111 3312 1111 3322 1311 2311 1111 3311 1111
7|5533|3.86729|5.53265,1.81011;5.55073,1.81561;|1111 1122 1112 1312 1322 1113 1123 1111 1133 1311 2311 1111 3311 1111 2311 1111 3311 1111
7|5765|5.53674|3.11225,2.1101;|1111 1113 1123 1111 1133 1122 1112 1311 2311 1312 1322 1111 2311 1111 3311 1111 3311 1111
7|6254|5.18408|4.45816,1.62889;4.46399,1.62628;|1111 1112 1122 1322 2311 1111 3311 1111 1312 1122 1112 1311 2311 1111 3312 1111 3322 1111
7|6260|5.18408|4.45816,1.62889;4.46399,1.62628;|1111 1112 1122 1322 2311 1111 3311 1111 1312 1122 1112 1311 2312 1111 2322 1111 3311 1111
7|6307|3.58414|4.30439,2.42258;|1111 1311 2311 1111 3312 1111 3322 1122 1112 1112 1122 1311 2311 1111 3312 1111 3322 1111
7|6313|3.58414|4.30439,2.42258;|1111 1311 2311 1111 3312 1111 3322 1122 1112 1112 1122 1311 2312 1111 2322 1111 3311 1111
7|6464|5.53674|3.11225,2.1101;|1111 1113 1123 1111 1133 1122 1112 1311 2311 1111 3311 1322 2311 1111 3311 1111 1312 1111
7|6473|5.51874|3.11225,2.10355;|1111 1113 1123 1111 1133 1122 1112 1322 2311 1111 3311 1311 2311 1111 3311 1111 1312 1111
7|6673|5.22505|4.45812,1.64545;4.46399,1.64304;|1111 1112 1122 1322 2311 1111 3311 1111 1312 1122 1112 1312 1322 1111 2311 1111 3311 1111
7|6676|5.99598|4.43517,1.96388;4.45742,1.95488;|1111 1112 1122 1322 2311 1111 3311 1111 1312 1122 1112 1311 2311 1112 1122 1111 3311 1111
7|6678|5.99598|4.43517,1.96388;4.45742,1.95488;|1111 1112 1122 1322 2311 1111 3311 1111 1312 1122 1112 1311 2311 1111 3311 1112 1122 1111
7|6697|5.49453|3.11225,2.09474;|1111 1113 1123 1111 1133 1122 1112 1311 2312 1311 2311 1111 3311 1111 2322 1111 3311 1111
7|6894|5.51786|3.11225,2.10323;|1111 1113 1123 1111 1133 1122 1112 1312 1322 1311 2311 1111 3311 1111 2311 1111 3311 1111
7|6895|5.51795|3.11225,2.10326;|1111 1113 1123 1111 1133 1122 1112 1322 2311 1311 2311 1111 3311 1111 3311 1111 1312 1111
7|7458|5.49453|3.11225,2.09474;|1111 1113 1123 1111 1133 1122 1112 1311 2311 1112 1122 1111 3311 1311 2311 1111 3311 1111
7|7646|4.21386|5.53314,2.01111;5.5675,2.02294;|1111 1122 1112 1312 1322 1112 1122 1122 1112 1311 2311 1111 3311 1111 2311 1111 3311 1111
7|7647|4.30718|5.53197,1.53416;|1111 1122 1112 1312 1322 1113 1123 1311 2311 1111 3311 1111 1133 1111 2311 1111 3311 1111
7|7750|5.53461|6.4465,1.66019;|1111 1122 1112 1114 1124 1111 1134 1111 1144 1311 2311 1111 3311 1311 2311 1111 3311 1111
7|8311|5.49453|3.11225,2.09474;|1111 1113 1123 1111 1133 1122 1112 1311 2311 1311 2311 1111 3311 1111 3312 1111 3322 1111
7|8331|5.51786|3.11225,2.10323;|1111 1113 1123 1111 1133 1122 1112 1322 2311 1111 3311 1111 1312 1311 2311 1111 3311 1111
7|8345|5.49453|3.11225,2.09474;|1111 1113 1123 1111 1133 1122 1112 1311 2312 1111 2322 1311 2311 1111 3311 1111 3311 1111
7|8431|5.53674|3.11225,2.1101;|1111 1113 1123 1111 1133 1122 1112 1311 2311 1111 3311 1312 1322 1111 2311 1111 3311 1111
7|8439|5.49453|3.11225,2.09474;|1111 1113 1123 1111 1133 1122 1112 1311 2311 1311 2311 1111 3311 1111 3311 1112 1122 1111
7|8654|5.49453|3.11225,2.09474;|1111 1113 1123 1111 1133 1122 1112 1311 2312 1111 2322 1111 3311 1311 2311 1111 3311 1111
7|8711|5.49453|3.11225,2.09474;|1111 1113 1123 1111 1133 1122 1112 1311 2311 1111 3312 1311 2311 1111 3311 1111 3322 1111
7|8727|5.51179|6.68701,1.04665;|1111 1115 1125 1111 1135 1311 2311 1111 3311 1111 1145 1111 1155 1311 2311 1111 3311 1111
8|192|3.55011|5.45816,1.62889;5.46399,1.62628;|1111 1122 1112 1322 2311 1111 3311 1111 1312 1122 1112 1411 2411 1111 3411 1111 4411 1111
8|348|5.18408|4.45816,1.62889;4.46399,1.62628;|1111 1112 1122 1322 2311 1111 3311 1111 1312 1122 1112 1411 2411 1111 3411 1111 4411 1111
8|1027|5.49453|3.11225,2.09474;|1111 1113 1123 1111 1133 1122 1112 1411 2411 1111 3411 1111 4411 1311 2311 1111 3311 1111
8|1447|5.49453|3.11225,2.09474;|1111 1113 1123 1111 1133 1122 1112 1411 2411 1111 3411 1311 2311 1111 3311 1111 4411 1111
8|1631|5.49453|3.11225,2.09474;|1111 1113 1123 1111 1133 1122 1112 1311 2311 1111 3311 1411 2411 1111 3411 1111 4411 1111
8|1649|5.18408|4.53219,1.62599;4.53219,1.62599;|1111 1112 1122 1312 1322 1112 1122 1411 2411 1111 3411 1111 4411 1111 2311 1111 3311 1111
8|1805|3.55011|5.53219,1.62599;5.53219,1.62599;|1111 1122 1112 1312 1322 1112 1122 1411 2411 1111 3411 1111 4411 1111 2311 1111 3311 1111
8|1883|3.58414|4.30439,2.42258;|1111 1311 2311 1111 3312 1111 3322 1122 1112 1112 1122 1411 2411 1111 3411 1111 4411 1111
8|2723|5.49453|3.11225,2.09474;|1111 1113 1123 1111 1133 1122 1112 1311 2311 1411 2411 1111 3411 1111 4411 1111 3311 1111
8|2878|5.49453|3.11225,2.09474;|1111 1113 1123 1111 1133 1122 1112 1411 2411 1311 2311 1111 3311 1111 3411 1111 4411 1111
13|92|6.64596|4.53361,2.21165;4.5675,2.22631;|1111 1112 1122 1312 1322 1112 1122 1311 2311 1111 3311 1311 2311 1111 3311 1111 2311 1111 3311 1111
13|94|6.64596|4.53361,2.21165;4.5675,2.22631;|1111 1112 1122 1312 1322 1112 1122 1311 2311 1311 2311 1111 3311 1111 3311 1111 2311 1111 3311 1111
13|102|4.29968|5.45816,1.62889;5.46399,1.62628;|1111 1311 2311 1111 3311 1322 2311 1111 3311 1111 1312 1122 1112 1311 2311 1111 3312 1111 3322 1111
13|114|4.29968|5.45816,1.62889;5.46399,1.62628;|1111 1311 2311 1111 3311 1322 2311 1111 3311 1111 1312 1122 1112 1311 2312 1111 2322 1111 3311 1111
13|130|4.33092|5.45812,1.64545;5.46399,1.64304;|1111 1311 2311 1111 3311 1322 2311 1111 3311 1111 1312 1122 1112 1312 1322 1111 2311 1111 3311 1111
13|176|4.33092|5.53224,1.64254;5.53224,1.64254;|1111 1311 2311 1111 3311 1312 1322 1112 1122 1312 1322 1111 2311 1111 3311 1111 2311 1111 3311 1111
13|411|6.64596|4.43422,2.22489;4.45671,2.21474;|1111 1112 1122 1322 2311 1111 3311 1111 1312 1122 1112 1311 2311 1311 2311 1111 3311 1111 3311 1111
13|419|6.64596|4.43422,2.22489;4.45671,2.21474;|1111 1112 1122 1322 2311 1111 3311 1111 1312 1122 1112 1311 2311 1111 3311 1311 2311 1111 3311 1111
13|1722|7.23785|2.99497,2.58244;|1111 1113 1123 1111 1133 1122 1112 1311 2311 1111 3311 1311 2311 1111 3311 1311 2311 1111 3311 1111
13|3015|7.23785|2.99497,2.58244;|1111 1113 1123 1111 1133 1122 1112 1311 2311 1311 2311 1111 3311 1311 2311 1111 3311 1111 3311 1111
13|3122|4.56117|5.43422,2.22489;5.45671,2.21474;|1111 1122 1112 1322 2311 1111 3311 1111 1312 1122 1112 1311 2311 1311 2311 1111 3311 1111 3311 1111
13|3124|4.56117|5.43422,2.22489;5.45671,2.21474;|1111 1122 1112 1322 2311 1111 3311 1111 1312 1122 1112 1311 2311 1111 3311 1311 2311 1111 3311 1111
13|3132|4.29968|5.53219,1.62599;5.53219,1.62599;|1111 1311 2311 1111 3311 1312 1322 1112 1122 1311 2312 1111 2322 1111 3311 1111 2311 1111 3311 1111
13|3144|4.29968|5.53219,1.62599;5.53219,1.62599;|1111 1311 2311 1111 3311 1312 1322 1112 1122 1311 2311 1111 3312 1111 3322 1111 2311 1111 3311 1111
13|3160|4.33092|5.53224,1.64254;5.53224,1.64254;|1111 1311 2311 1111 3311 1312 1322 1112 1122 1322 2311 1111 3311 1111 1312 1111 2311 1111 3311 1111
13|3206|4.33092|5.45812,1.64545;5.46399,1.64304;|1111 1311 2311 1111 3311 1322 2311 1111 3311 1111 1312 1122 1112 1322 2311 1111 3311 1111 1312 1111
13|3441|4.56117|5.53361,2.21165;5.5675,2.22631;|1111 1122 1112 1312 1322 1112 1122 1311 2311 1111 3311 1311 2311 1111 3311 1111 2311 1111 3311 1111
13|3449|4.56117|5.53361,2.21165;5.5675,2.22631;|1111 1122 1112 1312 1322 1112 1122 1311 2311 1311 2311 1111 3311 1111 3311 1111 2311 1111 3311 1111
13|4545|7.23785|2.99497,2.58244;|1111 1113 1123 1111 1133 1122 1112 1311 2311 1111 3311 1311 2311 1311 2311 1111 3311 1111 3311 1111
13|5345|7.23785|2.99497,2.58244;|1111 1113 1123 1111 1133 1122 1112 1311 2311 1311 2311 1311 2311 1111 3311 1111 3311 1111 3311 1111
13|6087|5.49453|3.11225,2.09474;|1111 1113 1123 1111 1133 1122 1112 1311 2311 1311 2311 1111 3311 1111 3311 1311 2311 1111 3311 1111
14|211|4.29968|5.53219,1.62599;5.53219,1.62599;|1111 1311 2311 1111 3311 1312 1322 1112 1122 1411 2411 1111 3411 1111 4411 1111 2311 1111 3311 1111
14|400|4.77566|4.51581,2.19188;|1111 1112 1122 1411 2411 1112 1122 1311 2311 1311 2311 1111 3311 1111 3311 1111 3411 1111 4411 1111
14|403|4.77566|4.51581,2.19188;|1111 1112 1122 1411 2411 1112 1122 1311 2311 1111 3311 1311 2311 1111 3311 1111 3411 1111 4411 1111
14|423|4.77566|4.48415,2.19178;|1111 1112 1122 1411 2411 1111 3411 1111 4411 1122 1112 1311 2311 1311 2311 1111 3311 1111 3311 1111
14|457|3.26754|5.51581,2.19188;|1111 1122 1112 1411 2411 1112 1122 1311 2311 1311 2311 1111 3311 1111 3311 1111 3411 1111 4411 1111
14|1177|4.29968|5.45816,1.62889;5.46399,1.62628;|1111 1311 2311 1111 3311 1322 2311 1111 3311 1111 1312 1122 1112 1411 2411 1111 3411 1111 4411 1111
14|1366|3.26754|5.48415,2.19178;|1111 1122 1112 1411 2411 1111 3411 1111 4411 1122 1112 1311 2311 1111 3311 1311 2311 1111 3311 1111
14|1369|3.26754|5.48415,2.19178;|1111 1122 1112 1411 2411 1111 3411 1111 4411 1122 1112 1311 2311 1311 2311 1111 3311 1111 3311 1111
14|1389|3.26754|5.51581,2.19188;|1111 1122 1112 1411 2411 1112 1122 1311 2311 1111 3311 1311 2311 1111 3311 1111 3411 1111 4411 1111
14|1423|4.77566|4.48415,2.19178;|1111 1112 1122 1411 2411 1111 3411 1111 4411 1122 1112 1311 2311 1111 3311 1311 2311 1111 3311 1111
